Date,Open,High,Low,Close,Volume,Adj Close
2017-04-04,29.40,29.690001,29.299999,29.639999,1856200,29.639999
2017-04-03,29.700001,29.780001,29.18,29.540001,4028100,29.540001
2017-03-31,29.73,29.799999,29.610001,29.700001,3011000,29.700001
2017-03-30,29.50,29.780001,29.450001,29.690001,3780000,29.690001
2017-03-29,29.68,29.68,29.120001,29.309999,6161900,29.309999
2017-03-28,29.57,29.85,29.50,29.620001,2926400,29.620001
2017-03-27,29.450001,29.60,29.190001,29.59,4051100,29.59
2017-03-24,29.889999,30.059999,29.51,29.68,2594600,29.68
2017-03-23,29.90,30.219999,29.67,29.889999,3057000,29.889999
2017-03-22,29.870001,30.18,29.50,29.98,4442100,29.98
2017-03-21,30.74,30.74,29.82,30.01,5832000,30.01
2017-03-20,30.66,30.74,30.459999,30.530001,2815200,30.530001
2017-03-17,30.65,30.83,30.59,30.59,3191900,30.59
2017-03-16,30.879999,30.91,30.360001,30.60,4299500,30.60
2017-03-15,30.49,30.75,30.360001,30.51,5383200,30.51
2017-03-14,30.32,30.42,30.00,30.24,3874500,30.24
2017-03-13,30.07,30.58,29.83,30.35,12484100,30.35
2017-03-10,28.780001,29.049999,28.719999,28.940001,2932800,28.940001
2017-03-09,29.10,29.27,28.450001,28.620001,6262900,28.620001
2017-03-08,29.610001,29.610001,29.01,29.10,2991800,29.10
2017-03-07,29.50,29.50,29.129999,29.389999,2424500,29.389999
2017-03-06,29.66,29.75,29.450001,29.52,1922100,29.52
